1773297748.741709,edf350202b1e95cc,1773297746.952295,1773297746.953357
1773297984.492134,8899ceb01ac70ec0,1773297983.976963,1773297983.97708
,,3539711374,1773299146.000339
1773299311.293981,3949b711c858f706,1773299310.452157,1773299310.452345
,,1773300088.299937,1773300088.30028
1773301269.793431,49ca0cbefb3880cb,1773301268.270885,1773301268.271391
,,1651467134,1773631815.211987
1773634637.751233,9896daa4844c744a,1773634632.464631,1773634632.465097
1773635075.216861,07cc425aa4b8a31f,1773635071.849574,1773635071.849781
,,669543383,1773635097.421012
,,1279635610,1773635537.626528
1773641821.273727,dee833b7a6ea561a,1773641819.101218,1773641819.101561
,,1773645382.765874,1773645382.766131
1773723130.792122,f5978cc3d240df71,1773723128.513952,1773723128.514377
