1773032058.640448,5fe442615e3374e6,1773032056.393092,1773032056.393183
,,4035475092,1773032104.221885
1773036974.45686,3fc6b4dfab050f5b,1773036969.524317,1773036969.524965
,,1773039748.192554,1773039748.19286
1773042289.29062,ec489dfe5d37636a,1773042287.154224,1773042287.154632
,,750223002,1773113720.452496
1773113775.732044,fdfecdd6f1aabaf3,1773113773.220368,1773113773.220518
,,1773114650.240975,1773114650.241219
1773118301.488345,43950a59fa940099,1773118297.201099,1773118297.201721
,,397546431,1773131514.000319
1773133560.046574,77299968db1efc9a,1773133557.026784,1773133557.026965
1773214012.541166,d03dfd187eb3a1c9,1773214009.701441,1773214009.702011
1773297748.741709,edf350202b1e95cc,1773297746.952295,1773297746.953357
1773297984.492134,8899ceb01ac70ec0,1773297983.976963,1773297983.97708
,,3539711374,1773299146.000339
1773299311.293981,3949b711c858f706,1773299310.452157,1773299310.452345
,,1773300088.299937,1773300088.30028
1773301269.793431,49ca0cbefb3880cb,1773301268.270885,1773301268.271391
